Scene: Untitled Scene
Entitys:
  - Entity: 5271086496329902655
    TagComponent:
      Tag: Empty Entity
    TransformComponent:
      Translation: [4.2159214, 0.426894963, -0.200817108]
      Rotation: [0, 0, 0]
      Scalation: [0.724199951, 0.724199951, 0.724199951]
    CircleRendererComponent:
      Color: [0.891891897, 0.0757591724, 0.0757591724, 1]
      Fade: 0.75
      Radius: 0.5
      Thickness: 0.400000006
  - Entity: 13069346276545539764
    TagComponent:
      Tag: Empty Entity
    TransformComponent:
      Translation: [4.07798767, 0.4325459, 0]
      Rotation: [0, 0, 0]
      Scalation: [4.79051304, 2.12245488, 1.29999995]
    CircleRendererComponent:
      Color: [1, 1, 1, 1]
      Fade: 0.555000007
      Radius: 0.5
      Thickness: 0.300000012
  - Entity: 5883772506750477749
    TagComponent:
      Tag: Empty Entity
    TransformComponent:
      Translation: [-4.73028469, 1.37799501, -28.7976189]
      Rotation: [0, 0, 0]
      Scalation: [2.7249999, 2.7249999, 2.7249999]
    CircleRendererComponent:
      Color: [0.806949794, 0.0186937992, 0.0186937992, 1]
      Fade: 0.550000012
      Radius: 0.5
      Thickness: 0.5
  - Entity: 4004202898111532529
    TagComponent:
      Tag: Camera
    TransformComponent:
      Translation: [0, 0, 0]
      Rotation: [0, 0, 0]
      Scalation: [1, 1, 1]
    CameraComponent:
      Camera:
        ProjectionType: 1
        PerspectiveFOV: 0.785398185
        PerspectiveNear: 0.00100000005
        PerspectiveFar: 1000
        OrthographicSize: 10
        OrthographicNear: -1
        OrthographicFar: 1
      Primary: true
      FixedAspectRatio: false
  - Entity: 11815950520748291313
    TagComponent:
      Tag: Square
    TransformComponent:
      Translation: [-1.47478294, 0.462334216, 0]
      Rotation: [0, 0, 0]
      Scalation: [6.15723753, 1.96054578, 1]
    CircleRendererComponent:
      Color: [1, 1, 1, 1]
      Fade: 0.400000006
      Radius: 3.29999995
      Thickness: 0.300000012